Positions abstraites !! Si les coordonnées d'une case sont (0;1), cela signifie que cette case se trouve à
0*game.step du x de la "case par défaut" et à 1*game.step de son y. La case par défaut estsimplement la case 
qui initialement est la zone d'apparition d'un bloc, et qui se déplace de 1*game.step en y lors de chaque descente.


-Carré (rouge) :

[(0, 0), (1, 0), (0, 1), (1, 1)]		# 0°
[(1, 0), (1, 1), (0, 0), (0, 1)]		# 90°
[(1, 1), (0, 1), (1, 0), (0, 0)]		# 180°
[(0, 1), (0, 0), (1, 1), (1, 0)]		# 270°

-Ligne (cyan) :

[(0, 0), (0, 1), (0, 2), (0, 3)]
[(3, 0), (2, 0), (1, 0), (0, 0)]
[(0, 3), (0, 2), (0, 1), (0, 0)]
[(0, 0), (1, 0), (2, 0), (3, 0)]

-J (violet) :

[(1, 0), (1, 1), (1, 2), (0, 2)]
[(2, 1), (1, 1), (0, 1), (0, 0)]
[(0, 2), (0, 1), (0, 0), (1, 0)]
[(0, 0), (1, 0), (2, 0), (2, 1)]


-L (bleu foncé) :

[(0, 0), (0, 1), (0, 2), (1, 2)]
[(2, 0), (1, 0), (0, 0), (0, 1)]
[(1, 2), (1, 1), (1, 0), (0, 0)]
[(0, 1), (1, 1), (2, 1), (2, 0)]

-S (orange) :

[(0, 1), (1, 1), (1, 0), (2, 0)]
[(0, 0), (0, 1), (1, 1), (1, 2)]
[(2, 0), (1, 0), (1, 2), (0, 1)]
[(1, 2), (1, 1), (0, 1), (0, 0)]

-Z (jaune) :

[(0, 0), (1, 0), (1, 1), (2, 1)]
[(1, 0), (1, 1), (0, 1), (0, 2)]
[(2, 1), (1, 1), (1, 0), (0, 0)]
[(0, 2), (0, 1), (1, 1), (1, 0)]

-T inversé (vert) :

[(1, 0), (0, 1), (1, 1), (2, 1)]
[(1, 1), (0, 0), (0, 1), (0, 2)]
[(1, 1), (2, 0), (1, 0), (0, 0)]
[(0, 1), (1, 2), (1, 1), (1, 0)]
